$ANSIBLE_VAULT;1.1;AES256
32643235333533366230366337633032366435336536633561396135623834353737646239373934
3239313362336639616264626334333438323237393265360a303830636332323232623232376462
37313264323030353532653535396234663231356339313938613836326164333334333930343732
3939623739363431370a316236396264326638386131656430353138663635323166323065663631
32666139393034353161343430353738626338623938656466303761363834303938623166613662
61643433336263306465333465666236323333343365313663623630393136346330643932326531
61633035343237363536663261393737343038643864346534326135323765346539303533653363
34353539663864636638353730343739663632306663633436633333313364313239613331626631
34383134356139613730623061363433613661626665653263396265616633323132346564623864
35623534333233653161663236363863626533356333626231353838353563343131666664623065
31373133646232626664363130383535643765313635353935666338633762326365326166346566
62303263313938386664
